2021/05/04-01:39:49.228267 7f0ad18d0a40 RocksDB version: 5.14.2
2021/05/04-01:39:49.228370 7f0ad18d0a40 Git sha rocksdb_build_git_sha:@0@
2021/05/04-01:39:49.228374 7f0ad18d0a40 Compile date Apr 20 2021
2021/05/04-01:39:49.228377 7f0ad18d0a40 DB SUMMARY
2021/05/04-01:39:49.228427 7f0ad18d0a40 CURRENT file:  CURRENT
2021/05/04-01:39:49.228430 7f0ad18d0a40 IDENTITY file:  IDENTITY
2021/05/04-01:39:49.228437 7f0ad18d0a40 MANIFEST file:  MANIFEST-000008 size: 147 Bytes
2021/05/04-01:39:49.228441 7f0ad18d0a40 SST files in ../test_rocksdb.db dir, Total Num: 2, files: 000004.sst 000007.sst 
2021/05/04-01:39:49.228444 7f0ad18d0a40 Write Ahead Log file in ../test_rocksdb.db: 000009.log size: 414 ; 
2021/05/04-01:39:49.228446 7f0ad18d0a40                         Options.error_if_exists: 0
2021/05/04-01:39:49.228448 7f0ad18d0a40                       Options.create_if_missing: 1
2021/05/04-01:39:49.228450 7f0ad18d0a40                         Options.paranoid_checks: 1
2021/05/04-01:39:49.228451 7f0ad18d0a40                                     Options.env: 0x5614733af100
2021/05/04-01:39:49.228453 7f0ad18d0a40                                Options.info_log: 0x561474627600
2021/05/04-01:39:49.228455 7f0ad18d0a40                Options.max_file_opening_threads: 16
2021/05/04-01:39:49.228456 7f0ad18d0a40                              Options.statistics: (nil)
2021/05/04-01:39:49.228458 7f0ad18d0a40                               Options.use_fsync: 0
2021/05/04-01:39:49.228460 7f0ad18d0a40                       Options.max_log_file_size: 0
2021/05/04-01:39:49.228462 7f0ad18d0a40                  Options.max_manifest_file_size: 18446744073709551615
2021/05/04-01:39:49.228463 7f0ad18d0a40                   Options.log_file_time_to_roll: 0
2021/05/04-01:39:49.228465 7f0ad18d0a40                       Options.keep_log_file_num: 1000
2021/05/04-01:39:49.228467 7f0ad18d0a40                    Options.recycle_log_file_num: 0
2021/05/04-01:39:49.228468 7f0ad18d0a40                         Options.allow_fallocate: 1
2021/05/04-01:39:49.228470 7f0ad18d0a40                        Options.allow_mmap_reads: 0
2021/05/04-01:39:49.228471 7f0ad18d0a40                       Options.allow_mmap_writes: 0
2021/05/04-01:39:49.228473 7f0ad18d0a40                        Options.use_direct_reads: 0
2021/05/04-01:39:49.228474 7f0ad18d0a40                        Options.use_direct_io_for_flush_and_compaction: 0
2021/05/04-01:39:49.228476 7f0ad18d0a40          Options.create_missing_column_families: 0
2021/05/04-01:39:49.228478 7f0ad18d0a40                              Options.db_log_dir: 
2021/05/04-01:39:49.228479 7f0ad18d0a40                                 Options.wal_dir: ../test_rocksdb.db
2021/05/04-01:39:49.228481 7f0ad18d0a40                Options.table_cache_numshardbits: 6
2021/05/04-01:39:49.228482 7f0ad18d0a40                      Options.max_subcompactions: 1
2021/05/04-01:39:49.228484 7f0ad18d0a40                  Options.max_background_flushes: -1
2021/05/04-01:39:49.228486 7f0ad18d0a40                         Options.WAL_ttl_seconds: 0
2021/05/04-01:39:49.228487 7f0ad18d0a40                       Options.WAL_size_limit_MB: 0
2021/05/04-01:39:49.228489 7f0ad18d0a40             Options.manifest_preallocation_size: 4194304
2021/05/04-01:39:49.228490 7f0ad18d0a40                     Options.is_fd_close_on_exec: 1
2021/05/04-01:39:49.228492 7f0ad18d0a40                   Options.advise_random_on_open: 1
2021/05/04-01:39:49.228494 7f0ad18d0a40                    Options.db_write_buffer_size: 0
2021/05/04-01:39:49.228495 7f0ad18d0a40                    Options.write_buffer_manager: 0x5614746260b0
2021/05/04-01:39:49.228497 7f0ad18d0a40         Options.access_hint_on_compaction_start: 1
2021/05/04-01:39:49.228498 7f0ad18d0a40  Options.new_table_reader_for_compaction_inputs: 0
2021/05/04-01:39:49.228500 7f0ad18d0a40           Options.random_access_max_buffer_size: 1048576
2021/05/04-01:39:49.228502 7f0ad18d0a40                      Options.use_adaptive_mutex: 0
2021/05/04-01:39:49.228503 7f0ad18d0a40                            Options.rate_limiter: (nil)
2021/05/04-01:39:49.228505 7f0ad18d0a40     Options.sst_file_manager.rate_bytes_per_sec: 0
2021/05/04-01:39:49.228517 7f0ad18d0a40                       Options.wal_recovery_mode: 2
2021/05/04-01:39:49.228519 7f0ad18d0a40                  Options.enable_thread_tracking: 0
2021/05/04-01:39:49.228520 7f0ad18d0a40                  Options.enable_pipelined_write: 0
2021/05/04-01:39:49.228522 7f0ad18d0a40         Options.allow_concurrent_memtable_write: 1
2021/05/04-01:39:49.228523 7f0ad18d0a40      Options.enable_write_thread_adaptive_yield: 1
2021/05/04-01:39:49.228525 7f0ad18d0a40             Options.write_thread_max_yield_usec: 100
2021/05/04-01:39:49.228527 7f0ad18d0a40            Options.write_thread_slow_yield_usec: 3
2021/05/04-01:39:49.228528 7f0ad18d0a40                               Options.row_cache: None
2021/05/04-01:39:49.228530 7f0ad18d0a40                              Options.wal_filter: None
2021/05/04-01:39:49.228532 7f0ad18d0a40             Options.avoid_flush_during_recovery: 0
2021/05/04-01:39:49.228533 7f0ad18d0a40             Options.allow_ingest_behind: 0
2021/05/04-01:39:49.228535 7f0ad18d0a40             Options.preserve_deletes: 0
2021/05/04-01:39:49.228536 7f0ad18d0a40             Options.two_write_queues: 0
2021/05/04-01:39:49.228538 7f0ad18d0a40             Options.manual_wal_flush: 0
2021/05/04-01:39:49.228539 7f0ad18d0a40             Options.max_background_jobs: 2
2021/05/04-01:39:49.228541 7f0ad18d0a40             Options.max_background_compactions: -1
2021/05/04-01:39:49.228542 7f0ad18d0a40             Options.avoid_flush_during_shutdown: 0
2021/05/04-01:39:49.228544 7f0ad18d0a40           Options.writable_file_max_buffer_size: 1048576
2021/05/04-01:39:49.228546 7f0ad18d0a40             Options.delayed_write_rate : 16777216
2021/05/04-01:39:49.228547 7f0ad18d0a40             Options.max_total_wal_size: 0
2021/05/04-01:39:49.228549 7f0ad18d0a40             Options.delete_obsolete_files_period_micros: 21600000000
2021/05/04-01:39:49.228550 7f0ad18d0a40                   Options.stats_dump_period_sec: 600
2021/05/04-01:39:49.228552 7f0ad18d0a40                          Options.max_open_files: -1
2021/05/04-01:39:49.228554 7f0ad18d0a40                          Options.bytes_per_sync: 0
2021/05/04-01:39:49.228555 7f0ad18d0a40                      Options.wal_bytes_per_sync: 0
2021/05/04-01:39:49.228557 7f0ad18d0a40       Options.compaction_readahead_size: 0
2021/05/04-01:39:49.228559 7f0ad18d0a40 Compression algorithms supported:
2021/05/04-01:39:49.228562 7f0ad18d0a40 	kZSTDNotFinalCompression supported: 0
2021/05/04-01:39:49.228565 7f0ad18d0a40 	kZSTD supported: 0
2021/05/04-01:39:49.228567 7f0ad18d0a40 	kXpressCompression supported: 0
2021/05/04-01:39:49.228569 7f0ad18d0a40 	kLZ4HCCompression supported: 0
2021/05/04-01:39:49.228571 7f0ad18d0a40 	kLZ4Compression supported: 0
2021/05/04-01:39:49.228572 7f0ad18d0a40 	kBZip2Compression supported: 0
2021/05/04-01:39:49.228574 7f0ad18d0a40 	kZlibCompression supported: 0
2021/05/04-01:39:49.228576 7f0ad18d0a40 	kSnappyCompression supported: 0
2021/05/04-01:39:49.228579 7f0ad18d0a40 Fast CRC32 supported: Supported on x86
2021/05/04-01:39:49.228798 7f0ad18d0a40 [/home/danil/.hunter/_Base/35fa55b/252be92/5a6bcbe/Build/rocksdb/Source/db/version_set.cc:3084] Recovering from manifest file: MANIFEST-000008
2021/05/04-01:39:49.228972 7f0ad18d0a40 [/home/danil/.hunter/_Base/35fa55b/252be92/5a6bcbe/Build/rocksdb/Source/db/column_family.cc:473] --------------- Options for column family [default]:
2021/05/04-01:39:49.228980 7f0ad18d0a40               Options.comparator: leveldb.BytewiseComparator
2021/05/04-01:39:49.228983 7f0ad18d0a40           Options.merge_operator: None
2021/05/04-01:39:49.228985 7f0ad18d0a40        Options.compaction_filter: None
2021/05/04-01:39:49.228987 7f0ad18d0a40        Options.compaction_filter_factory: None
2021/05/04-01:39:49.228990 7f0ad18d0a40         Options.memtable_factory: SkipListFactory
2021/05/04-01:39:49.228992 7f0ad18d0a40            Options.table_factory: BlockBasedTable
2021/05/04-01:39:49.229041 7f0ad18d0a40            table_factory options:   flush_block_policy_factory: FlushBlockBySizePolicyFactory (0x56147461fed0)
  cache_index_and_filter_blocks: 0
  cache_index_and_filter_blocks_with_high_priority: 0
  pin_l0_filter_and_index_blocks_in_cache: 0
  index_type: 0
  hash_index_allow_collision: 1
  checksum: 1
  no_block_cache: 0
  block_cache: 0x561474623f50
  block_cache_name: LRUCache
  block_cache_options:
    capacity : 8388608
    num_shard_bits : 4
    strict_capacity_limit : 0
    high_pri_pool_ratio: 0.000
  block_cache_compressed: (nil)
  persistent_cache: (nil)
  block_size: 4096
  block_size_deviation: 10
  block_restart_interval: 16
  index_block_restart_interval: 1
  metadata_block_size: 4096
  partition_filters: 0
  use_delta_encoding: 1
  filter_policy: nullptr
  whole_key_filtering: 1
  verify_compression: 0
  read_amp_bytes_per_bit: 0
  format_version: 2
  enable_index_compression: 1
  block_align: 0
2021/05/04-01:39:49.229061 7f0ad18d0a40        Options.write_buffer_size: 67108864
2021/05/04-01:39:49.229064 7f0ad18d0a40  Options.max_write_buffer_number: 2
2021/05/04-01:39:49.229067 7f0ad18d0a40          Options.compression: NoCompression
2021/05/04-01:39:49.229070 7f0ad18d0a40                  Options.bottommost_compression: Disabled
2021/05/04-01:39:49.229072 7f0ad18d0a40       Options.prefix_extractor: nullptr
2021/05/04-01:39:49.229074 7f0ad18d0a40   Options.memtable_insert_with_hint_prefix_extractor: nullptr
2021/05/04-01:39:49.229076 7f0ad18d0a40             Options.num_levels: 7
2021/05/04-01:39:49.229079 7f0ad18d0a40        Options.min_write_buffer_number_to_merge: 1
2021/05/04-01:39:49.229080 7f0ad18d0a40     Options.max_write_buffer_number_to_maintain: 0
2021/05/04-01:39:49.229082 7f0ad18d0a40            Options.compression_opts.window_bits: -14
2021/05/04-01:39:49.229085 7f0ad18d0a40                  Options.compression_opts.level: -1
2021/05/04-01:39:49.229096 7f0ad18d0a40               Options.compression_opts.strategy: 0
2021/05/04-01:39:49.229098 7f0ad18d0a40         Options.compression_opts.max_dict_bytes: 0
2021/05/04-01:39:49.229101 7f0ad18d0a40         Options.compression_opts.zstd_max_train_bytes: 0
2021/05/04-01:39:49.229103 7f0ad18d0a40      Options.level0_file_num_compaction_trigger: 4
2021/05/04-01:39:49.229105 7f0ad18d0a40          Options.level0_slowdown_writes_trigger: 20
2021/05/04-01:39:49.229107 7f0ad18d0a40              Options.level0_stop_writes_trigger: 36
2021/05/04-01:39:49.229109 7f0ad18d0a40                   Options.target_file_size_base: 67108864
2021/05/04-01:39:49.229111 7f0ad18d0a40             Options.target_file_size_multiplier: 1
2021/05/04-01:39:49.229113 7f0ad18d0a40                Options.max_bytes_for_level_base: 268435456
2021/05/04-01:39:49.229115 7f0ad18d0a40 Options.level_compaction_dynamic_level_bytes: 0
2021/05/04-01:39:49.229118 7f0ad18d0a40          Options.max_bytes_for_level_multiplier: 10.000000
2021/05/04-01:39:49.229131 7f0ad18d0a40 Options.max_bytes_for_level_multiplier_addtl[0]: 1
2021/05/04-01:39:49.229134 7f0ad18d0a40 Options.max_bytes_for_level_multiplier_addtl[1]: 1
2021/05/04-01:39:49.229136 7f0ad18d0a40 Options.max_bytes_for_level_multiplier_addtl[2]: 1
2021/05/04-01:39:49.229138 7f0ad18d0a40 Options.max_bytes_for_level_multiplier_addtl[3]: 1
2021/05/04-01:39:49.229141 7f0ad18d0a40 Options.max_bytes_for_level_multiplier_addtl[4]: 1
2021/05/04-01:39:49.229143 7f0ad18d0a40 Options.max_bytes_for_level_multiplier_addtl[5]: 1
2021/05/04-01:39:49.229145 7f0ad18d0a40 Options.max_bytes_for_level_multiplier_addtl[6]: 1
2021/05/04-01:39:49.229147 7f0ad18d0a40       Options.max_sequential_skip_in_iterations: 8
2021/05/04-01:39:49.229149 7f0ad18d0a40                    Options.max_compaction_bytes: 1677721600
2021/05/04-01:39:49.229151 7f0ad18d0a40                        Options.arena_block_size: 8388608
2021/05/04-01:39:49.229153 7f0ad18d0a40   Options.soft_pending_compaction_bytes_limit: 68719476736
2021/05/04-01:39:49.229156 7f0ad18d0a40   Options.hard_pending_compaction_bytes_limit: 274877906944
2021/05/04-01:39:49.229158 7f0ad18d0a40       Options.rate_limit_delay_max_milliseconds: 100
2021/05/04-01:39:49.229161 7f0ad18d0a40                Options.disable_auto_compactions: 0
2021/05/04-01:39:49.229178 7f0ad18d0a40                        Options.compaction_style: kCompactionStyleLevel
2021/05/04-01:39:49.229183 7f0ad18d0a40                          Options.compaction_pri: kByCompensatedSize
2021/05/04-01:39:49.229185 7f0ad18d0a40 Options.compaction_options_universal.size_ratio: 1
2021/05/04-01:39:49.229188 7f0ad18d0a40 Options.compaction_options_universal.min_merge_width: 2
2021/05/04-01:39:49.229190 7f0ad18d0a40 Options.compaction_options_universal.max_merge_width: 4294967295
2021/05/04-01:39:49.229203 7f0ad18d0a40 Options.compaction_options_universal.max_size_amplification_percent: 200
2021/05/04-01:39:49.229206 7f0ad18d0a40 Options.compaction_options_universal.compression_size_percent: -1
2021/05/04-01:39:49.229210 7f0ad18d0a40 Options.compaction_options_universal.stop_style: kCompactionStopStyleTotalSize
2021/05/04-01:39:49.229212 7f0ad18d0a40 Options.compaction_options_fifo.max_table_files_size: 1073741824
2021/05/04-01:39:49.229215 7f0ad18d0a40 Options.compaction_options_fifo.allow_compaction: 0
2021/05/04-01:39:49.229217 7f0ad18d0a40 Options.compaction_options_fifo.ttl: 0
2021/05/04-01:39:49.229220 7f0ad18d0a40                   Options.table_properties_collectors: 
2021/05/04-01:39:49.229223 7f0ad18d0a40                   Options.inplace_update_support: 0
2021/05/04-01:39:49.229225 7f0ad18d0a40                 Options.inplace_update_num_locks: 10000
2021/05/04-01:39:49.229228 7f0ad18d0a40               Options.memtable_prefix_bloom_size_ratio: 0.000000
2021/05/04-01:39:49.229231 7f0ad18d0a40   Options.memtable_huge_page_size: 0
2021/05/04-01:39:49.229234 7f0ad18d0a40                           Options.bloom_locality: 0
2021/05/04-01:39:49.229236 7f0ad18d0a40                    Options.max_successive_merges: 0
2021/05/04-01:39:49.229239 7f0ad18d0a40                Options.optimize_filters_for_hits: 0
2021/05/04-01:39:49.229241 7f0ad18d0a40                Options.paranoid_file_checks: 0
2021/05/04-01:39:49.229244 7f0ad18d0a40                Options.force_consistency_checks: 0
2021/05/04-01:39:49.229246 7f0ad18d0a40                Options.report_bg_io_stats: 0
2021/05/04-01:39:49.229249 7f0ad18d0a40                               Options.ttl: 0
2021/05/04-01:39:49.230532 7f0ad18d0a40 [/home/danil/.hunter/_Base/35fa55b/252be92/5a6bcbe/Build/rocksdb/Source/db/version_set.cc:3350] Recovered from manifest file:../test_rocksdb.db/MANIFEST-000008 succeeded,manifest_file_number is 8, next_file_number is 10, last_sequence is 20, log_number is 0,prev_log_number is 0,max_column_family is 0,min_log_number_to_keep is 0
2021/05/04-01:39:49.230551 7f0ad18d0a40 [/home/danil/.hunter/_Base/35fa55b/252be92/5a6bcbe/Build/rocksdb/Source/db/version_set.cc:3367] Column family [default] (ID 0), log number is 7
2021/05/04-01:39:49.230781 7f0ad18d0a40 EVENT_LOG_v1 {"time_micros": 1620081589230768, "job": 1, "event": "recovery_started", "log_files": [9]}
2021/05/04-01:39:49.230793 7f0ad18d0a40 [/home/danil/.hunter/_Base/35fa55b/252be92/5a6bcbe/Build/rocksdb/Source/db/db_impl_open.cc:549] Recovering log #9 mode 2
2021/05/04-01:39:49.231043 7f0ad18d0a40 [DEBUG] [/home/danil/.hunter/_Base/35fa55b/252be92/5a6bcbe/Build/rocksdb/Source/db/db_impl_open.cc:916] [default] [WriteLevel0TableForRecovery] Level-0 table #10: started
2021/05/04-01:39:49.233374 7f0ad18d0a40 EVENT_LOG_v1 {"time_micros": 1620081589233355, "cf_name": "default", "job": 1, "event": "table_file_creation", "file_number": 10, "file_size": 1243, "table_properties": {"data_size": 308, "index_size": 28, "filter_size": 0, "raw_key_size": 178, "raw_average_key_size": 17, "raw_value_size": 96, "raw_average_value_size": 9, "num_data_blocks": 1, "num_entries": 10, "filter_policy_name": "", "kDeletedKeys": "0", "kMergeOperands": "0"}}
2021/05/04-01:39:49.233423 7f0ad18d0a40 [DEBUG] [/home/danil/.hunter/_Base/35fa55b/252be92/5a6bcbe/Build/rocksdb/Source/db/db_impl_open.cc:955] [default] [WriteLevel0TableForRecovery] Level-0 table #10: 1243 bytes OK
2021/05/04-01:39:49.233549 7f0ad18d0a40 [/home/danil/.hunter/_Base/35fa55b/252be92/5a6bcbe/Build/rocksdb/Source/db/version_set.cc:2846] Creating manifest 11
2021/05/04-01:39:49.235552 7f0ad18d0a40 EVENT_LOG_v1 {"time_micros": 1620081589235545, "job": 1, "event": "recovery_finished"}
2021/05/04-01:39:49.236163 7f0ad18d0a40 [DEBUG] [/home/danil/.hunter/_Base/35fa55b/252be92/5a6bcbe/Build/rocksdb/Source/db/db_impl_files.cc:258] [JOB 2] Delete ../test_rocksdb.db//MANIFEST-000008 type=3 #8 -- OK
2021/05/04-01:39:49.236234 7f0ad18d0a40 [DEBUG] [/home/danil/.hunter/_Base/35fa55b/252be92/5a6bcbe/Build/rocksdb/Source/db/db_impl_files.cc:258] [JOB 2] Delete ../test_rocksdb.db//000009.log type=0 #9 -- OK
2021/05/04-01:39:49.245338 7f0ad18d0a40 [/home/danil/.hunter/_Base/35fa55b/252be92/5a6bcbe/Build/rocksdb/Source/db/db_impl_open.cc:1219] DB pointer 0x5614746267f0
